QUARTER,TIME_REMAINING,NEW YORK_ACTION,CLEVELAND_ACTION,NEW YORK_SCORE,CLEVELAND_SCORE
1,11:42.0,,Shooting foul by M. Hezonja (drawn by K. Love),0,0
1,11:42.0,,K. Love makes free throw 1 of 2,0,1
1,11:42.0,,K. Love makes free throw 2 of 2,0,2
1,11:21.0,Turnover by D. Jordan (3 sec),,0,2
1,11:04.0,,K. Love makes 3-pt jump shot from 26 ft (assist by B. Knight),0,5
1,10:48.0,M. Hezonja misses 2-pt layup from 2 ft,,0,5
1,10:44.0,,Defensive rebound by B. Knight,0,5
1,10:41.0,,B. Knight makes 3-pt jump shot from 26 ft,0,8
1,10:33.0,New York full timeout,,0,8
1,10:19.0,M. Hezonja misses 2-pt layup from 2 ft,,0,8
1,10:16.0,,Defensive rebound by B. Knight,0,8
1,10:03.0,,K. Love misses 3-pt jump shot from 26 ft,0,8
1,9:59.0,Defensive rebound by K. Knox,,0,8
1,9:54.0,M. Hezonja makes 3-pt jump shot from 26 ft (assist by K. Knox),,3,8
1,9:30.0,,C. Sexton misses 2-pt layup from 1 ft (block by D. Smith),3,8
1,9:26.0,Defensive rebound by D. Dotson,,3,8
1,9:23.0,Turnover by D. Smith (bad pass; steal by C. Sexton),,3,8
1,9:18.0,,K. Love makes 2-pt layup at rim (assist by C. Sexton),3,10
1,9:03.0,D. Smith misses 3-pt jump shot from 26 ft,,3,10
1,9:01.0,,Defensive rebound by K. Love,3,10
1,8:58.0,,Turnover by K. Love (bad pass; steal by D. Smith),3,10
1,8:53.0,M. Hezonja misses 3-pt jump shot from 25 ft,,3,10
1,8:53.0,Offensive rebound by D. Jordan,,3,10
1,8:53.0,Shooting foul by L. Nance (drawn by D. Jordan),,3,10
1,8:53.0,D. Jordan makes free throw 1 of 2,,4,10
1,8:53.0,D. Jordan makes free throw 2 of 2,,5,10
1,8:38.0,,C. Sexton misses 3-pt jump shot from 27 ft,5,10
1,8:34.0,,Offensive rebound by D. Nwaba,5,10
1,8:29.0,,C. Sexton misses 3-pt jump shot from 26 ft,5,10
1,8:27.0,Defensive rebound by M. Hezonja,,5,10
1,8:14.0,D. Jordan makes 2-pt hook shot from 11 ft (assist by D. Smith),,7,10
1,7:57.0,,B. Knight misses 3-pt jump shot from 27 ft,7,10
1,7:55.0,,Offensive rebound by L. Nance,7,10
1,7:49.0,,K. Love misses 3-pt jump shot from 25 ft,7,10
1,7:45.0,Defensive rebound by M. Hezonja,,7,10
1,7:34.0,D. Smith misses 2-pt jump shot from 21 ft,,7,10
1,7:28.0,,Defensive rebound by K. Love,7,10
1,7:23.0,,C. Sexton misses 2-pt jump shot from 7 ft,7,10
1,7:20.0,,Offensive rebound by D. Nwaba,7,10
1,7:20.0,,D. Nwaba misses 2-pt layup from 1 ft,7,10
1,7:20.0,,Offensive rebound by D. Nwaba,7,10
1,7:20.0,,D. Nwaba misses 2-pt layup from 1 ft (block by K. Knox),7,10
1,7:20.0,,Offensive rebound by Team,7,10
1,7:16.0,,L. Nance misses 3-pt jump shot from 26 ft,7,10
1,7:12.0,Defensive rebound by M. Hezonja,,7,10
1,7:00.0,K. Knox makes 2-pt layup from 1 ft,,9,10
1,6:56.0,,Cleveland full timeout,9,10
1,6:56.0,,J. Clarkson enters the game for B. Knight,9,10
1,6:40.0,,J. Clarkson misses 3-pt jump shot from 23 ft,9,10
1,6:38.0,,Offensive rebound by L. Nance,9,10
1,6:34.0,,C. Sexton makes 2-pt layup from 1 ft (assist by L. Nance),9,12
1,6:18.0,D. Jordan makes 2-pt hook shot from 1 ft (assist by M. Hezonja),,11,12
1,5:56.0,,K. Love makes 2-pt layup from 1 ft,11,14
1,5:47.0,D. Dotson misses 2-pt jump shot from 20 ft,,11,14
1,5:43.0,,Defensive rebound by L. Nance,11,14
1,5:36.0,,J. Clarkson makes 2-pt layup from 1 ft,11,16
1,5:23.0,K. Knox misses 3-pt jump shot from 27 ft,,11,16
1,5:23.0,,Defensive rebound by L. Nance,11,16
1,5:23.0,K. Allen enters the game for M. Hezonja,,11,16
1,5:23.0,N. Vonleh enters the game for D. Smith,,11,16
1,5:23.0,,M. Chriss enters the game for K. Love,11,16
1,4:58.0,,C. Sexton misses 2-pt jump shot from 5 ft,11,16
1,4:56.0,,Offensive rebound by D. Nwaba,11,16
1,4:53.0,,M. Chriss makes 3-pt jump shot from 26 ft (assist by L. Nance),11,19
1,4:49.0,New York full timeout,,11,19
1,4:49.0,,N. Stauskas enters the game for D. Nwaba,11,19
1,4:40.0,K. Knox makes 2-pt jump shot from 13 ft (assist by D. Jordan),,13,19
1,4:21.0,,J. Clarkson misses 2-pt jump shot from 8 ft,13,19
1,4:18.0,Defensive rebound by N. Vonleh,,13,19
1,4:14.0,K. Allen misses 2-pt jump shot from 10 ft,,13,19
1,4:14.0,Offensive rebound by Team,,13,19
1,4:14.0,,Loose ball foul by M. Chriss (drawn by D. Jordan),13,19
1,4:14.0,A. Trier enters the game for D. Dotson,,13,19
1,4:05.0,Personal foul by L. Nance (drawn by D. Jordan),,13,19
1,4:05.0,,K. Love enters the game for L. Nance,13,19
1,3:59.0,Turnover by K. Allen (bad pass; steal by J. Clarkson),,13,19
1,3:56.0,,Shooting foul by K. Allen (drawn by M. Chriss),13,19
1,3:56.0,,M. Chriss makes free throw 1 of 2,13,20
1,3:56.0,M. Robinson enters the game for D. Jordan,,13,20
1,3:56.0,,M. Chriss makes free throw 2 of 2,13,21
1,3:44.0,Turnover by K. Knox (traveling),,13,21
1,3:36.0,,Turnover by K. Love (traveling),13,21
1,3:25.0,K. Knox makes 3-pt jump shot from 28 ft (assist by A. Trier),,16,21
1,3:16.0,,C. Sexton makes 2-pt jump shot from 13 ft,16,23
1,3:05.0,Personal foul by J. Clarkson (drawn by K. Knox),,16,23
1,3:05.0,,M. Dellavedova enters the game for C. Sexton,16,23
1,2:59.0,K. Knox misses 2-pt layup from 1 ft,,16,23
1,2:56.0,Offensive rebound by M. Robinson,,16,23
1,2:55.0,M. Robinson makes 2-pt layup at rim,,18,23
1,2:41.0,,K. Love misses 2-pt layup from 1 ft (block by M. Robinson),18,23
1,2:37.0,Defensive rebound by K. Allen,,18,23
1,2:35.0,K. Knox misses 3-pt jump shot from 25 ft,,18,23
1,2:31.0,,Defensive rebound by K. Love,18,23
1,2:11.0,,K. Love makes 3-pt jump shot from 24 ft (assist by M. Dellavedova),18,26
1,1:50.0,A. Trier misses 2-pt jump shot from 13 ft,,18,26
1,1:47.0,,Defensive rebound by M. Chriss,18,26
1,1:37.0,,M. Dellavedova makes 2-pt layup from 1 ft,18,28
1,1:10.0,K. Allen makes 2-pt layup from 1 ft (assist by A. Trier),,20,28
1,0:55.0,,J. Clarkson misses 2-pt jump shot from 7 ft,20,28
1,0:55.0,,Offensive rebound by Team,20,28
1,0:55.0,,C. Frye enters the game for K. Love,20,28
1,0:47.0,,J. Clarkson misses 2-pt layup from 1 ft,20,28
1,0:44.0,Defensive rebound by N. Vonleh,,20,28
1,0:25.0,N. Vonleh makes 2-pt hook shot from 8 ft,,22,28
1,0:02.0,,J. Clarkson misses 3-pt jump shot from 25 ft,22,28
1,0:01.0,,Offensive rebound by N. Stauskas,22,28
1,0:01.0,,N. Stauskas misses 2-pt layup from 1 ft,22,28
1,0:00.0,,Offensive rebound by M. Chriss,22,28
1,0:00.0,,M. Chriss makes 2-pt layup from 1 ft,22,30
2,11:44.0,D. Smith makes 2-pt layup at rim,,24,30
2,11:26.0,,N. Stauskas misses 3-pt jump shot from 24 ft,24,30
2,11:23.0,Defensive rebound by M. Robinson,,24,30
2,11:16.0,Turnover by A. Trier (bad pass),,24,30
2,11:06.0,,J. Clarkson makes 2-pt dunk from 1 ft (assist by M. Dellavedova),24,32
2,10:53.0,K. Allen makes 2-pt layup from 1 ft,,26,32
2,10:41.0,,M. Dellavedova makes 2-pt jump shot from 5 ft,26,34
2,10:26.0,A. Trier misses 2-pt jump shot from 8 ft,,26,34
2,10:23.0,Offensive rebound by M. Robinson,,26,34
2,10:22.0,M. Robinson makes 2-pt dunk from 1 ft,,28,34
2,10:14.0,,N. Stauskas misses 3-pt jump shot from 25 ft,28,34
2,10:14.0,Defensive rebound by D. Smith,,28,34
2,10:05.0,M. Hezonja makes 2-pt dunk from 1 ft (assist by D. Smith),,30,34
2,9:56.0,,Cleveland full timeout,30,34
2,9:56.0,N. Vonleh enters the game for A. Trier,,30,34
2,9:44.0,,Turnover by J. Clarkson (traveling),30,34
2,9:28.0,Turnover by M. Hezonja (traveling),,30,34
2,9:28.0,,C. Sexton enters the game for J. Clarkson,30,34
2,9:28.0,Violation by Team (delay of game),,30,34
2,9:13.0,,M. Dellavedova makes 2-pt jump shot from 11 ft,30,36
2,9:02.0,D. Smith misses 2-pt jump shot from 22 ft,,30,36
2,8:59.0,,Defensive rebound by N. Stauskas,30,36
2,8:54.0,,N. Stauskas misses 2-pt jump shot from 14 ft,30,36
2,8:51.0,Defensive rebound by M. Hezonja,,30,36
2,8:35.0,K. Allen misses 2-pt layup from 2 ft,,30,36
2,8:29.0,Offensive rebound by M. Robinson,,30,36
2,8:29.0,M. Robinson makes 2-pt dunk at rim,,32,36
2,8:16.0,,Turnover by M. Chriss (bad pass; steal by K. Allen),32,36
2,8:03.0,N. Vonleh makes 2-pt dunk from 1 ft,,34,36
2,7:49.0,,M. Chriss makes 2-pt jump shot from 8 ft (assist by C. Sexton),34,38
2,7:49.0,Violation by Team (def goaltending),,34,38
2,7:37.0,M. Hezonja misses 2-pt jump shot from 14 ft (block by N. Stauskas),,34,38
2,7:33.0,,Defensive rebound by N. Stauskas,34,38
2,7:28.0,,D. Nwaba makes 3-pt jump shot from 24 ft (assist by M. Dellavedova),34,41
2,7:22.0,New York full timeout,,34,41
2,7:22.0,D. Jordan enters the game for M. Hezonja,,34,41
2,7:22.0,K. Knox enters the game for M. Robinson,,34,41
2,7:22.0,,D. Adel enters the game for M. Chriss,34,41
2,7:22.0,,L. Nance enters the game for N. Stauskas,34,41
2,7:04.0,Turnover by N. Vonleh (bad pass; steal by M. Dellavedova),,34,41
2,6:58.0,,C. Sexton makes 2-pt dunk from 1 ft (assist by L. Nance),34,43
2,6:54.0,,Violation by Team (delay of game),34,43
2,6:40.0,K. Allen makes 2-pt jump shot from 23 ft (assist by D. Jordan),,36,43
2,6:22.0,,M. Dellavedova makes 2-pt jump shot from 9 ft (assist by L. Nance),36,45
2,6:12.0,K. Knox misses 2-pt jump shot from 15 ft,,36,45
2,6:12.0,,Defensive rebound by M. Dellavedova,36,45
2,5:52.0,,Turnover by M. Dellavedova (bad pass; steal by N. Vonleh),36,45
2,5:41.0,Shooting foul by D. Adel (drawn by D. Smith),,36,45
2,5:41.0,Offensive rebound by Team,,36,45
2,5:41.0,D. Smith misses free throw 1 of 2,,36,45
2,5:41.0,D. Dotson enters the game for K. Allen,,36,45
2,5:41.0,,B. Knight enters the game for M. Dellavedova,36,45
2,5:41.0,,K. Love enters the game for D. Nwaba,36,45
2,5:41.0,D. Smith misses free throw 2 of 2,,36,45
2,5:38.0,,Defensive rebound by K. Love,36,45
2,5:36.0,,C. Sexton makes 2-pt layup from 1 ft,36,47
2,5:36.0,,Shooting foul by K. Knox (drawn by C. Sexton),36,47
2,5:36.0,,C. Sexton makes free throw 1 of 1,36,48
2,5:20.0,D. Dotson misses 2-pt jump shot from 8 ft,,36,48
2,5:18.0,Offensive rebound by D. Jordan,,36,48
2,5:15.0,D. Jordan makes 2-pt layup from 2 ft,,38,48
2,5:07.0,,Turnover by L. Nance (bad pass),38,48
2,4:51.0,N. Vonleh misses 3-pt jump shot from 27 ft,,38,48
2,4:46.0,,Defensive rebound by L. Nance,38,48
2,4:40.0,,K. Love misses 3-pt jump shot from 23 ft,38,48
2,4:38.0,,Offensive rebound by L. Nance,38,48
2,4:35.0,,L. Nance makes 2-pt dunk from 1 ft,38,50
2,4:09.0,K. Knox misses 2-pt jump shot from 9 ft,,38,50
2,4:06.0,,Defensive rebound by K. Love,38,50
2,4:04.0,,Turnover by K. Love (bad pass; steal by D. Smith),38,50
2,3:57.0,D. Smith makes 2-pt layup from 1 ft,,40,50
2,3:43.0,,C. Sexton misses 2-pt jump shot from 19 ft,40,50
2,3:41.0,Defensive rebound by D. Jordan,,40,50
2,3:38.0,Shooting foul by B. Knight (drawn by D. Dotson),,40,50
2,3:38.0,D. Dotson makes free throw 1 of 2,,41,50
2,3:38.0,K. Allen enters the game for D. Smith,,41,50
2,3:38.0,D. Dotson misses free throw 2 of 2,,41,50
2,3:35.0,,Defensive rebound by K. Love,41,50
2,3:24.0,,K. Love misses 3-pt jump shot from 22 ft,41,50
2,3:21.0,,Offensive rebound by L. Nance,41,50
2,3:18.0,,Turnover by B. Knight (traveling),41,50
2,3:03.0,K. Knox misses 3-pt jump shot from 27 ft,,41,50
2,3:01.0,,Defensive rebound by Team,41,50
2,3:01.0,,D. Nwaba enters the game for D. Adel,41,50
2,2:55.0,,Personal foul by D. Dotson (drawn by B. Knight),41,50
2,2:41.0,,B. Knight makes 3-pt jump shot from 24 ft (assist by K. Love),41,53
2,2:30.0,K. Allen makes 2-pt layup from 1 ft,,43,53
2,2:09.0,,K. Love misses 2-pt layup from 2 ft (block by N. Vonleh),43,53
2,2:07.0,Defensive rebound by N. Vonleh,,43,53
2,1:59.0,D. Jordan makes 2-pt hook shot from 5 ft (assist by K. Knox),,45,53
2,1:40.0,,Personal foul by N. Vonleh (drawn by K. Love),45,53
2,1:32.0,,B. Knight makes 3-pt jump shot from 25 ft,45,56
2,1:22.0,N. Vonleh misses 3-pt jump shot from 24 ft,,45,56
2,1:19.0,,Defensive rebound by K. Love,45,56
2,1:10.0,,Shooting foul by D. Dotson (drawn by K. Love),45,56
2,1:10.0,,K. Love makes free throw 1 of 2,45,57
2,1:10.0,,M. Chriss enters the game for L. Nance,45,57
2,1:10.0,,K. Love makes free throw 2 of 2,45,58
2,0:55.0,Shooting foul by C. Sexton (drawn by K. Allen),,45,58
2,0:55.0,K. Allen makes free throw 1 of 2,,46,58
2,0:55.0,K. Allen misses free throw 2 of 2,,46,58
2,0:51.0,Offensive rebound by D. Jordan,,46,58
2,0:51.0,D. Jordan misses 2-pt layup at rim,,46,58
2,0:50.0,,Defensive rebound by K. Love,46,58
2,0:47.0,,M. Chriss makes 3-pt jump shot from 25 ft (assist by D. Nwaba),46,61
2,0:36.0,K. Knox misses 2-pt jump shot from 19 ft,,46,61
2,0:31.0,Offensive rebound by D. Dotson,,46,61
2,0:23.0,D. Dotson makes 2-pt layup from 1 ft,,48,61
2,0:06.0,,C. Sexton makes 2-pt layup from 1 ft,48,63
2,0:02.0,K. Allen misses 2-pt jump shot from 11 ft,,48,63
2,0:00.0,,Defensive rebound by K. Love,48,63
3,11:40.0,D. Jordan misses 2-pt layup from 2 ft,,48,63
3,11:35.0,Offensive rebound by D. Jordan,,48,63
3,11:35.0,D. Jordan makes 2-pt layup from 1 ft,,50,63
3,11:21.0,,Turnover by L. Nance (3 sec),50,63
3,11:14.0,K. Knox misses 3-pt jump shot from 27 ft,,50,63
3,11:10.0,,Defensive rebound by B. Knight,50,63
3,11:03.0,,B. Knight misses 2-pt layup from 3 ft (block by D. Jordan),50,63
3,11:00.0,Defensive rebound by M. Hezonja,,50,63
3,11:00.0,Shooting foul by C. Sexton (drawn by K. Knox),,50,63
3,11:00.0,K. Knox makes free throw 1 of 2,,51,63
3,11:00.0,K. Knox makes free throw 2 of 2,,52,63
3,10:46.0,,Personal foul by D. Smith (drawn by C. Sexton),52,63
3,10:31.0,,D. Nwaba misses 2-pt layup from 1 ft,52,63
3,10:25.0,,L. Nance makes 2-pt layup at rim,52,65
3,10:25.0,,Offensive rebound by L. Nance,52,65
3,10:16.0,K. Knox misses 3-pt jump shot from 26 ft,,52,65
3,10:16.0,,Defensive rebound by Team,52,65
3,10:16.0,Loose ball foul by D. Jordan (drawn by L. Nance),,52,65
3,10:00.0,,N. Stauskas makes 3-pt jump shot from 27 ft (assist by C. Sexton),52,68
3,9:46.0,D. Smith makes 2-pt layup from 1 ft,,54,68
3,9:35.0,,L. Nance makes 3-pt jump shot from 26 ft (assist by B. Knight),54,71
3,9:28.0,New York full timeout,,54,71
3,9:20.0,D. Dotson makes 3-pt jump shot from 25 ft (assist by D. Smith),,57,71
3,8:56.0,,C. Sexton misses 3-pt jump shot from 24 ft,57,71
3,8:52.0,Defensive rebound by D. Jordan,,57,71
3,8:38.0,M. Hezonja misses 2-pt jump shot from 22 ft,,57,71
3,8:37.0,,Defensive rebound by N. Stauskas,57,71
3,8:32.0,,N. Stauskas misses 3-pt jump shot from 26 ft,57,71
3,8:32.0,Defensive rebound by D. Jordan,,57,71
3,8:22.0,K. Knox misses 2-pt jump shot from 8 ft,,57,71
3,8:21.0,,Defensive rebound by N. Stauskas,57,71
3,8:20.0,,Turnover by N. Stauskas (bad pass; steal by D. Dotson),57,71
3,8:18.0,Shooting foul by N. Stauskas (drawn by D. Dotson),,57,71
3,8:18.0,D. Dotson makes free throw 1 of 2,,58,71
3,8:18.0,D. Dotson makes free throw 2 of 2,,59,71
3,8:06.0,,N. Stauskas misses 3-pt jump shot from 25 ft,59,71
3,8:03.0,Defensive rebound by D. Jordan,,59,71
3,7:52.0,M. Hezonja misses 2-pt jump shot from 14 ft,,59,71
3,7:48.0,,Defensive rebound by L. Nance,59,71
3,7:46.0,,Turnover by L. Nance (bad pass),59,71
3,7:46.0,K. Allen enters the game for M. Hezonja,,59,71
3,7:29.0,D. Dotson misses 2-pt jump shot from 17 ft,,59,71
3,7:26.0,,Defensive rebound by D. Nwaba,59,71
3,7:20.0,,Turnover by B. Knight (bad pass),59,71
3,7:06.0,D. Smith makes 2-pt jump shot from 20 ft (assist by K. Allen),,61,71
3,6:39.0,,C. Sexton misses 2-pt jump shot from 5 ft,61,71
3,6:38.0,,Offensive rebound by C. Sexton,61,71
3,6:36.0,,C. Sexton misses 2-pt jump shot from 11 ft,61,71
3,6:34.0,Defensive rebound by K. Knox,,61,71
3,6:31.0,K. Knox makes 2-pt jump shot from 7 ft,,63,71
3,6:31.0,,Cleveland full timeout,63,71
3,6:31.0,,J. Clarkson enters the game for B. Knight,63,71
3,6:09.0,,D. Nwaba misses 3-pt jump shot from 25 ft,63,71
3,6:07.0,Defensive rebound by D. Dotson,,63,71
3,5:59.0,K. Knox makes 2-pt jump shot from 16 ft (assist by D. Smith),,65,71
3,5:38.0,,N. Stauskas misses 3-pt jump shot from 25 ft,65,71
3,5:35.0,Defensive rebound by D. Dotson,,65,71
3,5:33.0,Personal foul by N. Stauskas (drawn by D. Smith),,65,71
3,5:21.0,D. Dotson misses 3-pt jump shot from 29 ft,,65,71
3,5:17.0,,Defensive rebound by J. Clarkson,65,71
3,5:09.0,,D. Nwaba misses 3-pt jump shot from 24 ft,65,71
3,5:08.0,Defensive rebound by Team,,65,71
3,5:08.0,,M. Dellavedova enters the game for N. Stauskas,65,71
3,4:56.0,D. Smith misses 2-pt jump shot from 23 ft,,65,71
3,4:53.0,,Defensive rebound by L. Nance,65,71
3,4:49.0,,C. Sexton misses 3-pt jump shot from 27 ft,65,71
3,4:46.0,Defensive rebound by K. Knox,,65,71
3,4:38.0,Turnover by D. Jordan (bad pass; steal by L. Nance),,65,71
3,4:35.0,,Personal foul by D. Smith (drawn by C. Sexton),65,71
3,4:35.0,A. Trier enters the game for D. Smith,,65,71
3,4:35.0,,M. Chriss enters the game for D. Nwaba,65,71
3,4:27.0,,Shooting foul by K. Allen (drawn by M. Dellavedova),65,71
3,4:27.0,,M. Dellavedova makes free throw 1 of 3,65,72
3,4:27.0,,M. Dellavedova makes free throw 2 of 3,65,73
3,4:27.0,,M. Dellavedova misses free throw 3 of 3,65,73
3,4:24.0,Defensive rebound by D. Dotson,,65,73
3,4:13.0,K. Allen makes 2-pt layup from 2 ft (assist by D. Dotson),,67,73
3,3:59.0,,C. Sexton makes 3-pt jump shot from 25 ft (assist by M. Dellavedova),67,76
3,3:47.0,K. Allen makes 3-pt jump shot from 26 ft (assist by K. Knox),,70,76
3,3:36.0,,M. Chriss misses 2-pt layup from 1 ft,70,76
3,3:33.0,Defensive rebound by D. Jordan,,70,76
3,3:28.0,Turnover by K. Knox (bad pass; steal by M. Chriss),,70,76
3,3:16.0,,C. Sexton misses 3-pt jump shot from 24 ft,70,76
3,3:13.0,Defensive rebound by D. Jordan,,70,76
3,3:07.0,Shooting foul by M. Chriss (drawn by A. Trier),,70,76
3,3:07.0,A. Trier misses free throw 1 of 2,,70,76
3,3:07.0,Offensive rebound by Team,,70,76
3,3:07.0,J. Jenkins enters the game for D. Dotson,,70,76
3,3:07.0,M. Robinson enters the game for D. Jordan,,70,76
3,3:07.0,A. Trier makes free throw 2 of 2,,71,76
3,2:47.0,,M. Chriss misses 3-pt jump shot from 23 ft,71,76
3,2:47.0,,Offensive rebound by L. Nance,71,76
3,2:47.0,,Personal foul by A. Trier (drawn by L. Nance),71,76
3,2:47.0,,L. Nance makes free throw 1 of 2,71,77
3,2:47.0,,L. Nance makes free throw 2 of 2,71,78
3,2:47.0,A. Trier misses 3-pt jump shot from 25 ft,,71,78
3,2:32.0,,Defensive rebound by M. Chriss,71,78
3,2:25.0,,J. Clarkson makes 3-pt jump shot from 27 ft (assist by M. Chriss),71,81
3,2:07.0,A. Trier misses 2-pt jump shot from 16 ft,,71,81
3,2:05.0,,Defensive rebound by M. Chriss,71,81
3,1:55.0,,J. Clarkson misses 3-pt jump shot from 26 ft,71,81
3,1:55.0,,Offensive rebound by L. Nance,71,81
3,1:55.0,,Shooting foul by M. Robinson (drawn by L. Nance),71,81
3,1:55.0,,L. Nance makes free throw 1 of 2,71,82
3,1:55.0,N. Vonleh enters the game for K. Knox,,71,82
3,1:55.0,Violation by Team (delay of game),,71,82
3,1:55.0,Violation by Team (delay of game),,71,82
3,1:55.0,,J. Clarkson makes technical free throw,71,83
3,1:55.0,,L. Nance makes free throw 2 of 2,71,84
3,1:47.0,K. Allen makes 2-pt jump shot from 15 ft,,73,84
3,1:35.0,,Shooting foul by N. Vonleh (drawn by C. Sexton),73,84
3,1:35.0,,C. Sexton misses free throw 1 of 2,73,84
3,1:35.0,,Offensive rebound by Team,73,84
3,1:35.0,,C. Sexton makes free throw 2 of 2,73,85
3,1:26.0,K. Allen makes 2-pt jump shot from 19 ft,,75,85
3,1:11.0,,M. Chriss misses 2-pt dunk from 1 ft (block by N. Vonleh),75,85
3,1:07.0,Defensive rebound by A. Trier,,75,85
3,0:58.0,J. Jenkins makes 2-pt jump shot from 12 ft (assist by K. Allen),,77,85
3,0:42.0,,M. Chriss makes 2-pt dunk from 1 ft (assist by M. Dellavedova),77,87
3,0:32.0,K. Allen makes 2-pt jump shot from 14 ft,,79,87
3,0:26.0,,J. Clarkson misses 2-pt jump shot from 3 ft (block by M. Robinson),79,87
3,0:22.0,Defensive rebound by N. Vonleh,,79,87
3,0:19.0,N. Vonleh misses 2-pt dunk at rim,,79,87
3,0:15.0,,Defensive rebound by L. Nance,79,87
3,0:00.0,,C. Sexton misses 2-pt layup at rim,79,87
3,0:00.0,,Offensive rebound by L. Nance,79,87
3,0:00.0,,L. Nance makes 2-pt layup at rim,79,89
4,11:49.0,,M. Dellavedova misses 3-pt jump shot from 28 ft,79,89
4,11:45.0,Defensive rebound by M. Robinson,,79,89
4,11:30.0,L. Kornet misses 3-pt jump shot from 23 ft,,79,89
4,11:27.0,,Defensive rebound by D. Nwaba,79,89
4,11:23.0,,Turnover by N. Stauskas (step out of bounds),79,89
4,11:15.0,Personal foul by D. Nwaba (drawn by K. Allen),,79,89
4,11:07.0,K. Allen misses 2-pt jump shot from 7 ft,,79,89
4,11:05.0,,Defensive rebound by M. Dellavedova,79,89
4,10:56.0,,J. Clarkson makes 2-pt layup from 2 ft,79,91
4,10:43.0,M. Robinson makes 2-pt dunk from 1 ft (assist by K. Allen),,81,91
4,10:43.0,Shooting foul by M. Chriss (drawn by M. Robinson),,81,91
4,10:43.0,M. Robinson misses free throw 1 of 1,,81,91
4,10:40.0,,Defensive rebound by M. Chriss,81,91
4,10:26.0,,M. Dellavedova makes 2-pt jump shot from 14 ft (assist by N. Stauskas),81,93
4,10:04.0,J. Jenkins makes 2-pt jump shot from 16 ft,,83,93
4,9:44.0,,J. Clarkson misses 3-pt jump shot from 25 ft,83,93
4,9:39.0,Defensive rebound by A. Trier,,83,93
4,9:37.0,A. Trier makes 2-pt jump shot from 18 ft,,85,93
4,9:19.0,,D. Nwaba makes 2-pt jump shot from 8 ft (assist by M. Dellavedova),85,95
4,9:05.0,J. Jenkins makes 3-pt jump shot from 27 ft (assist by K. Allen),,88,95
4,8:49.0,,D. Nwaba misses 2-pt jump shot from 9 ft,88,95
4,8:47.0,Defensive rebound by M. Robinson,,88,95
4,8:41.0,Shooting foul by M. Dellavedova (drawn by A. Trier),,88,95
4,8:41.0,A. Trier misses free throw 1 of 2,,88,95
4,8:41.0,Offensive rebound by Team,,88,95
4,8:41.0,D. Smith enters the game for K. Allen,,88,95
4,8:41.0,A. Trier makes free throw 2 of 2,,89,95
4,8:30.0,,N. Stauskas misses 3-pt jump shot from 26 ft,89,95
4,8:28.0,,Offensive rebound by Team,89,95
4,8:28.0,Violation by Team (kicked ball),,89,95
4,8:21.0,,Turnover by D. Nwaba (bad pass; steal by L. Kornet),89,95
4,8:17.0,M. Robinson makes 2-pt dunk from 1 ft (assist by J. Jenkins),,91,95
4,8:17.0,,Cleveland full timeout,91,95
4,8:17.0,,L. Nance enters the game for D. Nwaba,91,95
4,8:17.0,,C. Sexton enters the game for N. Stauskas,91,95
4,7:58.0,,J. Clarkson misses 3-pt jump shot from 26 ft,91,95
4,7:51.0,,Offensive rebound by L. Nance,91,95
4,7:45.0,,Turnover by C. Sexton (traveling),91,95
4,7:25.0,D. Smith misses 2-pt jump shot from 8 ft,,91,95
4,7:22.0,,Defensive rebound by M. Chriss,91,95
4,7:16.0,,Turnover by L. Nance (bad pass),91,95
4,7:06.0,J. Jenkins misses 3-pt jump shot from 27 ft,,91,95
4,7:02.0,Offensive rebound by M. Robinson,,91,95
4,6:55.0,L. Kornet misses 3-pt jump shot from 29 ft,,91,95
4,6:51.0,,Defensive rebound by M. Chriss,91,95
4,6:40.0,,J. Clarkson makes 2-pt jump shot from 8 ft,91,97
4,6:20.0,L. Kornet misses 2-pt jump shot from 14 ft,,91,97
4,6:20.0,,Defensive rebound by Team,91,97
4,6:20.0,Loose ball foul by M. Robinson (drawn by L. Nance),,91,97
4,6:20.0,K. Allen enters the game for J. Jenkins,,91,97
4,6:20.0,K. Knox enters the game for A. Trier,,91,97
4,6:02.0,,J. Clarkson misses 2-pt jump shot from 16 ft,91,97
4,6:02.0,Defensive rebound by K. Allen,,91,97
4,6:02.0,Personal foul by L. Nance (drawn by K. Allen),,91,97
4,5:50.0,D. Smith makes 2-pt layup at rim (assist by M. Robinson),,93,97
4,5:33.0,,M. Dellavedova misses 2-pt jump shot from 8 ft,93,97
4,5:26.0,,Offensive rebound by L. Nance,93,97
4,5:26.0,,L. Nance makes 2-pt dunk at rim,93,99
4,5:12.0,D. Smith misses 2-pt layup from 1 ft,,93,99
4,5:07.0,,Defensive rebound by J. Clarkson,93,99
4,5:05.0,,C. Sexton misses 2-pt layup from 1 ft (block by D. Smith),93,99
4,5:05.0,,Offensive rebound by Team,93,99
4,5:05.0,,D. Nwaba enters the game for M. Chriss,93,99
4,4:55.0,,C. Sexton misses 3-pt jump shot from 27 ft,93,99
4,4:52.0,Defensive rebound by K. Knox,,93,99
4,4:44.0,K. Allen makes 2-pt jump shot from 8 ft,,95,99
4,4:23.0,,C. Sexton makes 3-pt jump shot from 22 ft (assist by J. Clarkson),95,102
4,4:04.0,Shooting foul by C. Sexton (drawn by K. Allen),,95,102
4,4:04.0,K. Allen makes free throw 1 of 3,,96,102
4,4:04.0,K. Allen makes free throw 2 of 3,,97,102
4,4:04.0,K. Allen makes free throw 3 of 3,,98,102
4,3:47.0,,D. Nwaba misses 2-pt layup from 3 ft (block by L. Kornet),98,102
4,3:43.0,Defensive rebound by K. Knox,,98,102
4,3:34.0,K. Knox misses 3-pt jump shot from 25 ft,,98,102
4,3:31.0,,Defensive rebound by J. Clarkson,98,102
4,3:24.0,,J. Clarkson makes 3-pt jump shot from 28 ft,98,105
4,3:24.0,New York full timeout,,98,105
4,3:24.0,,Cleveland full timeout,98,105
4,3:03.0,K. Allen misses 2-pt jump shot from 12 ft (block by L. Nance),,98,105
4,3:02.0,,Defensive rebound by M. Dellavedova,98,105
4,3:02.0,,Personal foul by M. Robinson (drawn by M. Dellavedova),98,105
4,2:50.0,,J. Clarkson misses 3-pt jump shot from 25 ft,98,105
4,2:46.0,Defensive rebound by M. Robinson,,98,105
4,2:37.0,M. Robinson misses 2-pt dunk from 1 ft,,98,105
4,2:32.0,,Defensive rebound by J. Clarkson,98,105
4,2:26.0,,M. Dellavedova misses 3-pt jump shot from 27 ft,98,105
4,2:21.0,Defensive rebound by K. Allen,,98,105
4,2:17.0,L. Kornet makes 3-pt jump shot from 33 ft (assist by K. Allen),,101,105
4,1:50.0,,Turnover by L. Nance (lost ball; steal by M. Robinson),101,105
4,1:43.0,K. Allen misses 3-pt jump shot from 25 ft,,101,105
4,1:39.0,,Defensive rebound by J. Clarkson,101,105
4,1:23.0,,M. Dellavedova misses 2-pt jump shot from 12 ft,101,105
4,1:21.0,Defensive rebound by K. Knox,,101,105
4,1:11.0,Turnover by K. Knox (lost ball; steal by D. Nwaba),,101,105
4,0:58.0,,Turnover by J. Clarkson (lost ball; steal by D. Smith),101,105
4,0:58.0,New York full timeout,,101,105
4,0:52.0,L. Kornet makes 3-pt jump shot from 28 ft (assist by K. Allen),,104,105
4,0:36.0,,M. Dellavedova misses 3-pt jump shot from 25 ft,104,105
4,0:34.0,Defensive rebound by L. Kornet,,104,105
4,0:21.0,L. Kornet misses 3-pt jump shot from 26 ft,,104,105
4,0:17.0,,Defensive rebound by J. Clarkson,104,105
4,0:17.0,,Personal foul by L. Kornet (drawn by J. Clarkson),104,105
4,0:17.0,A. Trier enters the game for L. Kornet,,104,105
4,0:17.0,,Personal foul by K. Allen (drawn by C. Sexton),104,105
4,0:17.0,,C. Sexton makes free throw 1 of 2,104,106
4,0:17.0,,C. Sexton makes free throw 2 of 2,104,107
4,0:17.0,L. Kornet enters the game for A. Trier,,104,107
4,0:17.0,New York full timeout,,104,107
4,0:17.0,J. Jenkins enters the game for K. Allen,,104,107
4,0:07.0,J. Jenkins misses 3-pt jump shot from 23 ft,,104,107
4,0:02.0,Offensive rebound by D. Smith,,104,107
4,0:00.0,D. Smith misses 3-pt jump shot from 24 ft,,104,107
4,0:00.0,Offensive rebound by Team,,104,107
